GOOGL,20161007,805.929993,805.940002,796.820007,800.710022,1163100
GOOGL,20161006,804.080017,806.950012,800.51001,803.080017,1097800
GOOGL,20161005,806,808.5,800.710022,801.22998,1208200
GOOGL,20161004,805,806.5,799.669983,802.789978,1254200
GOOGL,20161003,802.549988,803.539978,796.22998,800.380005,1486100
GOOGL,20160930,803.599976,808.090027,801.5,804.059998,1626700
GOOGL,20160929,807.22998,813.909973,800.859985,802.640015,1348200
GOOGL,20160928,804.080017,810.25,802.780029,810.059998,1468800
GOOGL,20160927,801.830017,813.48999,801.830017,810.72998,1353900
GOOGL,20160926,809.820007,810.080017,800.450012,802.650024,1426900
GOOGL,20160923,815.140015,817,812.72998,814.960022,1407400
GOOGL,20160922,810,819.059998,807.710022,815.950012,1751800
GOOGL,20160921,801.26001,805.909973,796.030029,805.030029,1342200
GOOGL,20160920,800,802.75,798.26001,799.780029,1049200
GOOGL,20160919,801.109985,803.98999,793.559998,795.390015,1146700
GOOGL,20160916,799.02002,799.02002,793.619995,797.969971,2125200
GOOGL,20160915,790.01001,803.650024,788.659973,801.22998,1557200
GOOGL,20160914,787.530029,796.330017,787.530029,790.460022,1292100
GOOGL,20160913,794.01001,795.789978,784.330017,788.719971,1801000
GOOGL,20160912,784.52002,800.169983,783.5,798.820007,1848200
GOOGL,20160909,798.77002,801.75,788.049988,788.47998,1858500
